1 5
2
1.0 1.1 1.1 1.1 1.1 1.1 1.1 2.3 1.1 1.1 1.1 1.1 1.2
1.7 20 20 20 20 20 20 0 20 20 30 30 1.3
1.7 20 30 30 20 0 0 0 20 20 30 30 1.3
1.7 0 30 30 20 20 20 0 20 20 20 30 1.3
1.7 0 0 30 30 20 20 0 20 20 20 30 1.3
1.7 0 0 0 0 20 20 0 20 20 30 0 1.3
1.7 0 0 0 0 0 0 0 0 20 0 0 1.3
1.7 0 30 30 0 0 0 0 0 0 0 0 1.3
1.7 30 30 30 30 0 0 0 30 30 0 0 1.3
1.7 30 30 30 30 0 0 0 30 30 30 0 1.3
1.7 20 30 30 20 6 0 0 0 30 30 0 1.3
1.7 20 20 20 20 20 20 0 0 0 0 0 1.3
1.6 1.5 1.5 1.5 1.5 1.5 1.5 1.5 1.5 1.5 1.5 1.5 1.4
2
5 2
11 5
1
6 8
1
7 6 1