6 11
1
1.0 1.1 1.1 1.1 1.1 1.1 1.1 1.1 1.1 1.1 1.1 1.1 1.2
1.7 0 30 6 30 0 0 0.2 0 0 0 0 1.3
1.7 0 0 0 0 0 0 0 0 0 0 0 1.3
1.7 0 0 0 0 0 0 0 0 0 0 0 1.3
1.7 0 0.2 0 0.2 0 0 0 0 30 0 30 1.3
1.7 0 0 0 0 0 0 0 0 20 0 30 1.3
1.7 0 0.1 0 0 0 0 0 0 30 0 20 1.3
1.7 0 0 0 0 30 0 0 0 20 0 30 1.3
1.7 0 0 0 0 30 30 30 0 30 0 20 1.3
1.7 0 0 0.1 0 0 0 0 0 0 0 0 1.3
1.7 0 0 0 0 0 0 0 0 0 0 0 1.3
1.7 0 30 0 30 0 0 0 30 0 0 0 1.3
1.6 1.5 1.5 2.1 1.5 1.5 1.5 1.5 1.5 1.5 1.5 1.5 1.4
1
10 4
4
8 10
8 8
6 9
7 3
5
10 2 1
6 4 3
6 5 2
7 5 0
1 6 0