3 11
1
1.0 1.1 1.1 1.1 1.1 1.1 1.1 1.1 1.1 1.1 1.1 1.1 1.2
1.7 0 6 0 30 0 30 0 0 0 0 0 1.3
1.7 0 0 0 30 0 30 30 30 30 30 0 1.3
1.7 0 0 0 20 0 0 0 20 0 0 0 1.3
1.7 0 0 0 0 0 0 0 20 0 0 0 1.3
1.7 0.2 0 0 0 0 0 0 0 0 0 0 1.3
1.7 0 0 0 30 30 30 30 0 0 30 0 1.3
1.7 0 0 30 20 0 20 0 0 20 30 0 1.3
1.7 0 0 0 30 0 30 0 0 20 0 0 1.3
1.7 30 30 0 30 0 30 0 30 30 0 0 1.3
1.7 0 0 0 0 0 30 0 30 0 0 0 1.3
1.7 0 0 0 0 0 30 30 0 0 0 30 1.3
1.6 1.5 1.5 1.5 1.5 1.5 1.5 1.5 2.1 1.5 1.5 1.5 1.4
1
7 1
1
9 4
2
1 2 0
11 8 2