7 3
17
1.0 1.1 1.1 1.1 1.1 1.1 1.1 1.1 1.1 3 1.1 1.1 1.2
1.7 0 0 0 0 0 0 0 0 0 0 0 1.3
1.7 0 0 0 0 0 0 0 0 2 0 0 1.3
1.7 4 4 0 0 5 0 0 0 0 2 0 1.3
1.7 0 5 5 5 0 0 0 0 0 0 0 1.3
1.7 0 4 0 0 0 5 5 0 0 0 0 1.3
1.7 0 5 0 5 5 0 4 0 0 0 0 1.3
1.7 0 5 0 5 0 0 4 0 0 0 0 1.3
1.7 0 5 0 5 0 0 4 0 0 0 0 1.3
1.7 0 0 0 0 5 5 5 0 0 0 0 1.3
1.7 0 0 0 0 4 6 0 0 0 0 0 1.3
1.7 0 2 0 0 0 0 5 0 0 0 5 1.3
1.6 1.5 1.5 1.5 1.5 1.5 1.5 1.5 1.5 1.5 1.5 1.5 1.4
17
1 1
1 2
2 1
2 2
3 1
3 2
4 1
4 2
5 1
5 2
3 3
4 3
1 6
1 7
1 8
11 1
11 2
0
14
1 5
1 10
6 11
8 5
8 6
8 7
8 8
8 9
11 5
11 6
11 7
11 8
11 9
11 10