4 1
4
1.0 1.1 1.1 1.1 1.1 1.1 1.1 1.1 1.1 1.1 1.1 1.1 1.2
1.7 0 0 0 0 30 30 0 0 0 0 0 1.3
1.7 0 0 0 0 0 0 0 0 0 0 0 1.3
1.7 0 0 0 0 0 0 0 0 0 0 0 1.3
1.7 0 0 0 0 0 0 0 0 0 0 0 1.3
1.7 0 0 0 0 30 0 0 0 0 30 0 1.3
1.7 20 0 0 0 30 0 0 0 0 20 20 1.3
1.7 0 0 0 0 30 0 0 0 0 0 0 1.3
1.7 20 0 0 0 30 0 30 20 0 0 0 1.3
1.7 0 0 0 0 30 0 30 0 0 0 0 1.3
2.2 0 0 0 0 0 0 0 0 0 0 0 1.3
1.7 0 0 6 0.2 0.2 0 0.2 0.2 0 0 0 1.3
1.6 1.5 1.5 1.5 1.5 1.5 1.5 1.5 1.5 1.5 1.5 1.5 1.4
4
1 7
1 11
10 11
11 1
4
3 6
5 4
4 2
3 2
5
6 11 3
5 10 2
7 10 0
11 3 2
11 7 2