2 2
2
1.0 1.1 1.1 1.1 1.1 1.1 1.1 1.1 1.1 1.1 1.1 1.1 1.2
1.7 0 0 0 0 0 20 20 20 20 20 20 1.3
1.7 0 0 0 0 0 0 0 0 0 0 0 1.3
1.7 0 0 0 0 0 20 20 20 20 20 0 2.0
1.7 0 0 0 0 0 30 30 30 30 30 30 1.3
1.7 0 0 0 0 0 0 0 0 0 30 30 1.3
1.7 0 0 0 0 0 0 0.2 0 0 0 0 1.3
1.7 0 0 0 0 0 0 0 0 0 0 6 1.3
1.7 30 0 30 0 20 0 0 0 0 0 0 1.3
1.7 30 0 30 0 20 0 0 0 0.1 0.1 0.1 1.3
1.7 30 0 30 0 20 0 0 0 0.1 0.1 0.1 1.3
1.7 30 0 30 0 20 0 0 0 0.1 0.1 0.1 1.3
1.6 1.5 1.5 1.5 1.5 1.5 1.5 1.5 1.5 1.5 1.5 1.5 1.4
2
2 11
6 11
1
2 7
1
5 2 1